001627
003563
003810
000092
002583
000879
003817
000258
001265
003819
000055
002648
000908
003598
003435
000712
001012
001789
001610
002998
002588
003228
001127
001604
003652
001631
000963
002707
003188
002398
001512
000466
002833
000893
000633
003763
001655
002314
002948
002133
003333
000078
003070
000508
000443
000792
002823
002699
003674
000410
002067
001897
001987
003583
000122
001031
000772
000673
001782
000503
003264
002965
003219
002004
000690
000808
001675
001300
002643
001804
003880
001488
002578
003221
003854
003926
002042
003732
000953
002061
000887
003366
003104
000429
003160
000636
000680
000779
002003
003850
002207
002645
000519
003625
001376
000683
003131
000909
000733
001766
001752
000756
002850
001578
000001
002193
003165
003071
000719
001550
003173
001054
002700
000791
001458
001393
002020
001275
000856
000988
001585
001633
003592
001723
000069
002131
000694
002751
003897
001158
001731
003596
002026
003452
000829
002711
003379
001304
000277
000509
002146
001979
001775
002426
003146
003879
002928
002601
000430
003034
000463
000465
000436
000279
002075
002676
002797
003465
000720
001776
002758
001754
003855
000494
001943
003307
003365
003183
003568
000104
002739
002318
001735
002224
001963
002590
002713
000022
000753
001818
002527
003853
003939
001801
003103
001044
003468
002955
003631
001762
002966
001311
003343
003515
000087
001891
000507
002232
001417
001107
000477
001404
001057
001186
002151
002399
001419
000031
003988
001603
000878
002461
002161
000234
002535
001625
000044
000464
001224
002704
003345
002706
002387
001429
003644
001482
000184
001842
000399
002718
002074
002211
002040
001554
003593
002705
001028
000045
002251
001629
002555
003931
000281
002500
003717
003006
000447
003993
003424
002930
001590
001397
003079
003537
000306
001178
003903
002593
000642
002825
000027
000062
001952
003676
000528
001948
000114
003441
000639
000315
001339
001615
002646
003419
000663
001881
000565
003024
000499
002528
003476
002187
003604
001053
001081
003344
001839
002312
000125
000568
002642
001574
001924
001953
003703
001204
003700
001408
000185
001637
002735
001996
000643
002624
002472
003726
000357
001388
002048
002701
003252
001449
003437
001050
002116
002252
002836
003053
003742
002649
002674
000462
003609
002439
000907
003304
003446
003639
003793
000969
002416
002870
003789
000438
003762
002049
000675
002806
001816
003501
002393
003661
001641
003761
002782
001254
000998
000484
003734
000743
003269
001621
001037
000567
002670
002693
003851
003641
001181
000715
002919
003907
003460
002737
000203
003771
002143
003911
003610
003565
001756
000805
003326
000698
001264
001427
000232
000999
003488
001009
002237
001250
001334
000918
001821
001788
000946
002785
003905
002641
002033
002149
003821
003321
003885
002256
000701
001258
000008
001067
000217
003013
000911
003975
001147
003334
001042
003526
002591
003387
000866
000026
001820
001040
000773
001876
001753
003954
001875
000757
000359
003802
001513
001764
000050
003985
001479
000132
000760
003035
002567
002920
001461
001283
000585
003082
000372
003694
002738
003913
003312
001836
001712
001500
003149
001051
000155
000314
000360
000843
000121
003822
001506
003670
000269
003109
002031
003330
003994
000685
001928
002937
002832
002533
003166
000674
001381
000282
003337
002291
001866
000597
002651
000580
001813
000973
000040
000894
002145
002879
001344
002167
003841
000093
000570
002980
002484
002813
003987
001088
001354
001189
002010
002433
002544
003208
002916
003067
000647
000189
002526
002458
002504
002078
002344
003679
000914
002896
001474
000775
003129
000056
003162
001201
002120
000043
002364
002557
002090
003155
000020
000549
003132
002056
002800
003229
003943
003185
001973
002714
001950
002480
002369
003622
002360
001210
003809
000295
002292
003677
000231
002496
001387
002814
000106
000488
003665
002483
002446
001568
000550
003311
001841
001999
002168
001034
002260
002989
000075
000702
000079
000450
000554
002872
002163
001830
002111
003812
000514
003250
001305
003350
002854
001234
001321
003741
000172
002745
002749
003791
002189
002618
002188
001471
000151
001011
000677
000815
003358
001454
003919
001739
003615
002664
002570
002308
000144
002405
003352
001707
000686
000800
002811
003098
003662
002407
003499
003338
001325
000545
002035
000847
001917
003886
000173
000288
000292
000478
000982
000152
002330
000654
000903
001223
003211
000609
002970
001010
003990
000467
003951
000012
001113
001575
001874
001342
002014
000587
001410
000501
002917
003342
002443
002690
001136
003715
003459
002475
001163
002277
003845
001104
000558
000529
001143
001715
001613
001774
002810
001320
003653
003086
003187
002305
003085
002793
002341
003757
003815
000364
001693
003298
001177
000644
003004
003551
000821
000596
002862
003134
002367
003163
003891
000968
000010
001834
002324
003950
001806
003842
001781
001936
000547
001394
002565
002875
002524
003291
000837
000118
003621
001877
003439
001904
000938
000263
003899
003276
002307
000838
000530
001929
001148
002328
002310
003380
001864
001439
000434
000541
003997
003403
002438
003952
000298
002302
001786
001353
001035
001988
002950
002523
003265
002505
003570
003538
001160
001401
000697
000265
003062
000624
001350
001055
000582
003030
001807
002239
002209
002365
001241
002532
001267
003898
002376
000706
000985
001869
002843
001840
002666
003649
000726
003218
001076
000415
000637
003646
001545
001003
003391
003417
000393
000297
000394
001132
002724
000326
000251
001414
003935
002286
000886
001827
001036
001298
001792
003087
003743
003767
001941
002855
003933
003393
001828
000684
002927
000848
001708
003692
002403
001111
000180
001459
001448
001587
001769
001632
003044
003718
001327
002354
003238
000884
000540
000198
001236
000412
002005
000023
000250
001071
002127
003554
002304
001581
000873
001362
000498
001795
001757
002150
001639
001409
002495
003566
001069
003375
001227
001985
003096
003528
000995
001004
001469
003862
001112
002329
000033
003580
000881
002531
001556
001212
001371
000546
002002
001717
002709
000479
000021
003181
001597
003824
000729
003922
002809
000691
003154
002586
003066
002669
000765
001605
002296
002054
002008
001826
003033
002639
001467
003210
000182
001221
001886
000195
002212
000676
003136
003728
001464
000912
002353
003449
003045
001555
001666
003863
003320
003081
003723
001278
000967
003389
003846
003286
001966
001486
002657
001249
003866
000153
003189
002634
003864
001056
003094
002863
001168
003008
002104
000504
002017
000383
003193
003310
002430
002402
001883
003957
000523
000057
001169
001517
002501
002820
001451
003014
001887
001441
001606
003139
002720
003892
000695
001447
002743
000864
002792
001078
003313
002911
000645
002506
001247
000063
000460
000755
000284
002890
003093
003069
001326
002979
000029
003924
001319
001972
003392
002466
003992
003331
001232
000980
002196
001885
001975
000746
002702
003114
002764
002581
001664
003548
003128
002796
002742
002177
002110
003619
003532
002464
000126
000183
002736
000590
003682
000160
002971
000319
001274
003972
000728
000670
003941
001977
003239
001515
003231
001396
002612
003798
003464
003908
000917
001103
000411
002220
002912
002907
003469
000608
002784
003224
001490
002626
003316
000190
002208
000768
001882
000638
001240
002444
000749
001280
002069
001569
000551
003520
002274
002607
000072
003422
000867
003000
002798
000442
002687
002926
001905
003792
002079
000511
002874
002428
001779
000885
000591
000827
003324
000433
000782
002173
003217
001495
003367
001677
002958
003571
003823
003709
000882
001336
001200
002108
002013
000814
000330
001508
001049
001700
003839
001524
002956
001690
001785
000223
000344
001203
003611
000921
001416
001889
000618
001616
002542
003647
001879
001743
000922
002712
003725
000774
000752
000169
002880
000819
000228
003914
003418
001859
003747
002425
000325
003527
003031
000739
000560
001570
000679
002476
003689
003974
001337
003420
002747
002107
002294
003927
002121
002884
002306
003633
003847
003533
001843
001463
003573
002471
001831
000403
000081
003260
003108
000940
002414
002261
002514
000090
003780
003300
002264
000420
001323
003012
001041
000196
003015
003808
001114
002969
003174
001146
003634
001718
000437
001091
003740
000788
002479
002788
003738
002993
000822
000759
003153
002770
002336
001925
001085
000214
003233
001340
002124
001986
002906
003278
002391
003814
002223
001029
001935
002672
000328
003852
002846
002750
001896
003848
000500
000094
002942
003413
003199
002378
003801
001765
003514
000112
001669
001829
000526
000758
000095
002819
002451
003857
003984
002262
002620
000457
002513
001406
003040
000117
000358
000850
001491
002903
000628
002334
003656
003364
001580
000662
000955
000993
002719
003277
001001
003003
001425
002908
003198
001402
002295
000175
000920
003458
000222
003977
001068
001777
000627
000902
000004
001957
002640
000382
003065
002661
001332
002584
001383
003530
003630
003077
003686
001170
002839
000622
000124
003588
000776
002976
003341
003138
002148
003121
001562
002658
002678
003049
002983
001962
003560
002717
002401
002290
002105
003381
001214
002147
000099
002039
001900
000862
003655
003401
002944
003901
000961
002038
000991
000616
000956
003569
001019
000139
003145
000068
001907
001155
000584
002373
003976
000390
003628
002943
002530
003242
003429
002317
003178
001333
003255
001833
002470
002994
001644
000134
000651
003746
002945
002686
000425
001072
001359
002968
003838
000730
003339
003825
003603
000943
001908
001871
003414
003671
002763
000612
001884
000738
002891
001139
000620
000936
002157
003582
001805
000435
002582
003282
002885
000404
001755
002234
000348
003697
000865
002034
001858
001750
003878
001863
003624
000763
003398
003207
001993
002935
000502
003669
000875
003490
002748
003667
002390
000046
001938
001310
003731
003092
001809
000246
003781
003557
000337
003902
002265
000965
003349
003597
003376
001523
001978
001005
003374
001681
003829
000896
000374
003212
001493
000211
001919
002878
001548
002352
000657
000736
003386
002540
003027
000248
003959
003043
000861
001658
003623
003477
001530
001742
000868
001048
000994
000734
003117
000927
000416
001565
001349
001926
003871
003244
000646
003059
000451
002564
002783
000219
000880
003870
001154
000161
003444
002572
003681
002229
002795
000489
001668
003202
001153
003223
002349
001487
003191
003918
001306
001521
002608
002490
002774
000200
000742
002922
000147
000098
003227
001184
001923
002692
002137
002142
000145
002589
000713
000780
001620
002030
003201
000178
001126
000398
003890
003354
003456
001602
002450
002680
003236
003007
001150
002556
003486
003266
001271
002569
000461
003011
001680
000402
001547
000453
000513
000667
000388
002921
002392
002335
001654
002275
000899
000895
003727
001313
002520
002024
002777
002727
003360
000441
000854
002460
002085
002293
000798
002857
000204
001352
002077
001510
003091
003536
000280
001118
003463
002288
001767
002580
003663
000449
002273
000052
001039
003111
001990
001070
001640
003009
001038
001472
001098
002761
003261
000202
001179
003578
001117
003800
002299
003969
003002
003411
001713
001437
002599
000602
002972
001372
002837
000340
002543
002228
003720
003643
003606
000317
002457
002732
000666
001958
003106
002473
003048
002267
003942
000019
000142
001534
001015
000581
000120
000794
003461
001358
002982
001519
003645
001740
000735
000293
003133
000883
000303
003088
001932
000563
002099
001059
001133
001557
003068
003010
003415
002984
000708
000212
001732
003409
001582
002708
002055
000409
002301
000220
001527
003877
001989
000831
001854
000801
000947
003750
000874
002231
001074
000964
002894
002233
002518
002617
002683
003357
003057
003683
000181
001030
001687
002953
000380
000472
000014
000898
003287
002560
002122
001798
002725
000468
000073
000693
001778
001688
001564
000067
003632
001647
002467
001573
001593
002106
003764
001443
001097
003567
000593
003305
000723
002697
002511
002386
002166
002628
002257
000589
001238
003384
002409
003777
001307
001481
000275
003243
000802
001536
000744
002821
002218
003123
001921
002995
000904
001052
002375
003774
000845
003050
001446
002644
003978
002808
002323
002080
000954
003516
001906
000252
001106
000245
000221
003179
002940
000174
002592
001761
000401
000959
003226
001706
002194
001093
000803
000249
003953
003971
003099
001161
002125
000870
003177
003883
002902
001101
000562
001851
001418
001967
001667
003772
002198
003586
001796
003072
002388
003945
003509
001303
003299
003272
003522
003164
002474
003412
002253
002941
001499
001623
001601
000714
000334
000171
002914
003539
000826
000210
003589
003241
001824
001262
002469
001760
003524
001032
002184
002752
002744
000077
001648
003867
003192
001346
001691
003047
002006
001868
000115
002845
002454
001299
001157
002939
003595
001324
000923
001992
003107
001226
003979
001910
003579
001356
003484
001901
000335
000135
000689
003983
003816
000830
002985
000621
002022
002025
000915
000039
002552
000066
002235
003685
000291
000456
003831
000652
002417
000345
000384
002219
000718
000006
001526
002320
002559
002610
001983
000842
000610
002243
002084
003080
003944
003500
003215
001960
003506
000179
003023
001452
003169
000333
000635
000855
002019
000131
000053
002715
003197
001645
000555
001699
003915
002481
002448
002185
000324
000496
000716
002596
000158
002947
002824
003026
002838
000942
003986
000262
000924
003453
000617
001140
001138
003359
003076
002710
000082
000725
001046
001577
003267
002144
000261
001679
001064
002897
000406
001867
001902
003790
003895
003508
001784
001903
001720
000949
001162
002951
000362
001386
003195
000613
000256
003932
003564
002901
000096
002698
000119
003335
000308
003547
001663
000778
001793
002550
001190
003351
001628
000164
001659
000583
001566
002362
000841
001444
002429
002766
001586
003561
001211
000611
003120
003654
000950
003964
001636
002114
002728
001498
003797
003148
001918
003701
000944
002660
000327
001384
003675
000036
001014
002027
002551
002534
003383
003553
003602
003036
001021
001733
003046
001737
002222
000592
002594
001930
000373
000197
002478
001205
000305
002058
000869
002245
001913
002549
002062
002489
002623
002431
003410
003473
000669
000432
002135
000709
002977
001295
003361
000939
003151
002760
001390
002018
000351
002653
000458
001065
001915
003881
003251
002786
000233
000349
001878
000937
001485
000085
003782
002023
002679
003921
001656
003332
002327
000253
003545
000711
001294
003346
001122
001803
003698
001470
002554
000257
000042
003776
003873
000116
001514
003322
003937
001955
001222
003249
002485
001969
003273
001551
002684
001292
002186
001532
003507
003294
000391
003788
001476
002397
003531
001314
002371
001309
002377
001194
000741
002558
003752
003599
000414
002812
000872
000919
002118
003517
000754
002225
001920
001835
001502
003868
003869
000238
002961
003502
003618
002289
002688
003648
002238
000471
002949
001475
001207
003572
003546
002508
001624
003904
001685
003575
002037
001738
003736
002419
000395
000795
002109
000745
000076
002357
000520
002270
002952
001701
002585
002936
000194
002545
000783
001976
001954
003668
001630
000227
002112
002860
003190
001229
000966
001650
003263
001931
001705
001768
002957
002303
000766
002519
003775
002864
002876
001380
003773
001744
003529
003005
000370
000710
002616
000979
001964
000747
002356
003956
002432
002482
002136
001407
002619
001496
003037
000793
000615
002379
000594
003503
002986
002100
000070
001592
000813
003755
003150
003690
002494
003513
001477
003540
003893
003480
000274
002282
002563
003920
002675
000962
000286
002123
002383
000005
002652
002071
000607
001657
003115
003856
000459
003122
000191
002050
003872
002548
003405
001692
000823
000548
001646
001709
003325
001783
002421